[-0.5776  0.0027  0.2605  0.0672  0.4595  0.1713]
[-0.4141  0.2134  0.374   0.1323  1.4385 -0.0801]
[ 0.223  -0.2129  0.3274 -0.6348  0.0293 -0.2412]
[-0.5122  0.7842 -0.542   0.3513 -0.1981 -0.1598]
[-0.1821 -0.3359 -0.2379 -1.0049 -0.9907 -0.1425]
[ 0.7104 -0.021  -0.3845 -0.2202  0.488  -0.2991]
[ 0.2974 -0.0619 -0.7114  0.1234  0.0886  0.3279]
[ 0.0726  0.1569 -0.0361  0.1475  0.3406 -0.1427]
[-0.1174  0.0972 -0.2527  0.3533  0.1027 -0.0857]
[ 0.3359 -0.3003 -1.1074  0.4319  0.5547  0.2107]
[-1.1943  1.0488 -0.7437 -0.1799 -0.0671 -0.1564]
[-0.2507 -0.1174  0.5513 -0.2078 -0.1519 -0.4146]
[ 0.604  -0.2137  0.4331  0.3752  0.1465  0.2727]
[ 0.4902  0.7798  0.9629  0.215   0.2413 -1.0303]
[ 1.3252 -0.2764  0.2947  0.2615 -0.5059  0.7949]
[ 1.1777  0.3032 -0.2201  0.2252  0.1968  0.1886]
[-0.2539  0.0138  0.3091 -0.0244  0.0471  0.2566]
[-0.0172 -0.1263  0.0249  0.2834 -0.1775 -0.6719]
[ 0.2081  0.0307  0.5225 -0.1108  0.1915 -0.0671]
[-0.2433 -0.1705  0.3501 -0.4187 -0.458  -0.0176]
[-0.048  -0.226  -0.0086  0.4011 -0.3726  0.4355]
[-0.4443 -0.5269  0.3052  0.6953  0.5044  0.0151]
[-0.1431 -0.3704  0.0589 -0.2742 -0.0164  0.2737]
[-0.2566 -0.2183  0.563  -0.1984  0.0195 -0.0107]
[ 0.9185  0.1272 -0.1007 -0.0811 -0.2128 -0.8511]
[ 0.4819 -1.0537 -0.3542 -0.2052  0.2339 -0.6392]
[ 0.6875  0.2783  0.1394  0.3242 -0.8276 -0.1812]
[-0.0961 -0.1941  0.3794 -0.008  -0.5044  0.332 ]
[ 0.0647  0.015  -0.1617  1.0352  0.2402  0.3086]
[ 0.1921  0.3425  0.5918 -0.1797  0.77    0.3005]
[ 0.7407  0.2461  0.8726 -0.3137  0.4231  0.1533]
[-0.2515 -0.5005  0.7344 -0.4202 -0.1802  0.3191]
[-0.5796  0.0086  0.2551  0.0625  0.46    0.1637]
[-0.4092  0.2174  0.376   0.1306  1.4434 -0.0796]
[ 0.2206 -0.2091  0.3274 -0.6392  0.0228 -0.2495]
[-0.5107  0.7852 -0.5391  0.3489 -0.1993 -0.1606]
[-0.1881 -0.3337 -0.2455 -1.0068 -0.9858 -0.141 ]
[ 0.7119 -0.0206 -0.3943 -0.226   0.4902 -0.2957]
[ 0.302  -0.0649 -0.7114  0.1173  0.0834  0.3311]
[ 0.0702  0.1583 -0.0495  0.1422  0.343  -0.1384]
[-0.1357  0.1022 -0.2488  0.3594  0.1012 -0.0906]
[ 0.3447 -0.2961 -1.0947  0.4402  0.5566  0.2102]
[-1.1904  1.0381 -0.7383 -0.192  -0.0618 -0.1758]
[-0.2383 -0.1168  0.5425 -0.203  -0.1582 -0.4175]
[ 0.6118 -0.2006  0.4297  0.3628  0.1469  0.2703]
[ 0.4841  0.7808  0.9663  0.218   0.2324 -1.0283]
[ 1.3272 -0.2729  0.2915  0.2544 -0.4978  0.7856]
[ 1.1797  0.3084 -0.2142  0.2205  0.1919  0.1892]
[-0.2502  0.0345  0.3103 -0.0198  0.0497  0.2622]
[-0.0177 -0.1298  0.0332  0.2764 -0.1702 -0.6641]
[ 0.2051  0.033   0.5264 -0.1103  0.1897 -0.0671]
[-0.2524 -0.173   0.3474 -0.4202 -0.4541 -0.0204]
[-0.0552 -0.2146 -0.016   0.4058 -0.3713  0.4324]
[-0.4565 -0.5239  0.3101  0.6831  0.5122  0.0076]
[-0.1387 -0.3716  0.0511 -0.2795 -0.0156  0.2639]
[-0.2593 -0.2272  0.5605 -0.1954  0.0188 -0.0076]
[ 0.9238  0.1236 -0.1078 -0.082  -0.2213 -0.8564]
[ 0.4724 -1.0576 -0.3521 -0.2103  0.2389 -0.644 ]
[ 0.688   0.2766  0.142   0.3254 -0.8311 -0.1648]
[-0.0989 -0.193   0.3855 -0.0146 -0.5015  0.3267]
[ 0.059   0.0108 -0.1641  1.0312  0.2421  0.3115]
[ 0.189   0.3479  0.5801 -0.1741  0.7856  0.2971]
[ 0.752   0.2367  0.8682 -0.304   0.4424  0.153 ]
[-0.2515 -0.5059  0.729  -0.4121 -0.179   0.3284]
[-0.584   0.0072  0.2484  0.0684  0.4631  0.163 ]
[-0.4041  0.2197  0.3818  0.1357  1.4424 -0.0775]
[ 0.2163 -0.2042  0.3323 -0.6411  0.0107 -0.2542]
[-0.5005  0.7764 -0.5347  0.3491 -0.2062 -0.155 ]
[-0.1802 -0.3354 -0.2561 -1.0098 -0.978  -0.1399]
[ 0.7075 -0.0231 -0.3977 -0.2133  0.4961 -0.2981]
[ 0.3049 -0.0652 -0.7085  0.1159  0.081   0.3347]
[ 0.0665  0.1562 -0.0615  0.1406  0.3342 -0.1383]
[-0.1367  0.1056 -0.2462  0.3586  0.1036 -0.0912]
[ 0.3457 -0.2888 -1.0967  0.4451  0.5596  0.2139]
[-1.1836  1.043  -0.7344 -0.2013 -0.063  -0.1736]
[-0.2458 -0.1169  0.5332 -0.1971 -0.1609 -0.4163]
[ 0.6094 -0.1938  0.429   0.3594  0.1501  0.2676]
[ 0.4717  0.77    0.9595  0.2185  0.2234 -1.0332]
[ 1.3184 -0.2754  0.2952  0.2637 -0.488   0.7842]
[ 1.1758  0.3037 -0.2216  0.2267  0.1838  0.1956]
[-0.2477  0.0388  0.3169 -0.0131  0.0431  0.2588]
[-0.0118 -0.1293  0.0308  0.2815 -0.1643 -0.6606]
[ 0.199   0.0343  0.519  -0.1061  0.186  -0.0731]
[-0.2529 -0.1774  0.3501 -0.4241 -0.4634 -0.0151]
[-0.0599 -0.2217 -0.013   0.4138 -0.3652  0.437 ]
[-0.4556 -0.5269  0.3188  0.6802  0.5029  0.0079]
[-0.139  -0.3818  0.054  -0.2778 -0.0184  0.2637]
[-0.2607 -0.2251  0.564  -0.1985  0.0231 -0.0131]
[ 0.9302  0.12   -0.1146 -0.0876 -0.2264 -0.8511]
[ 0.4758 -1.0459 -0.3484 -0.2065  0.2413 -0.6392]
[ 0.6816  0.2754  0.1372  0.3208 -0.8262 -0.1658]
[-0.0898 -0.1871  0.3877 -0.0187 -0.4897  0.3333]
[ 0.0498  0.0039 -0.1665  1.0371  0.2428  0.3071]
[ 0.1838  0.3428  0.5815 -0.161   0.792   0.3044]
[ 0.7476  0.2347  0.873  -0.2944  0.439   0.1519]
[-0.259  -0.5132  0.7314 -0.3933 -0.1738  0.3279]
[-0.5864  0.0045  0.2529  0.0648  0.4617  0.1586]
[-0.4021  0.2109  0.3835  0.1411  1.4502 -0.0777]
[ 0.2163 -0.199   0.3296 -0.644   0.0078 -0.2561]
[-0.501   0.7788 -0.5386  0.3535 -0.2006 -0.1543]
